[geometry]
count=4
id=4
[fiducial0]
x=0.000000
y=11.000000
z=3.000000
[fiducial1]
x=-33.720000
y=-38.630000
z=3.000000
[fiducial2]
x=0.000000
y=-75.550000
z=3.000000
[fiducial3]
x=41.280000
y=-39.210000
z=3.000000
[pivot]
x=0.000000
y=-13.000000
z=3.000000