[geometry]
count=3
id=20203
[fiducial0]
x=0.000000
y=0.000000
z=3.000000
[fiducial1]
x=0.000000
y=74.850000
z=3.000000
[fiducial2]
x=61.657000
y=58.40800
z=3.000000
[pivot]
x=16.590000
y=-20.950000
z=3.000000
