[geometry]
count=4
id=2
[fiducial0]
x=0.000000
y=11.000000
z=3.000000
[fiducial1]
x=-24.090000
y=-15.750000
z=3.000000
[fiducial2]
x=0.000000
y=-47.690000
z=3.000000
[fiducial3]
x=23.630000
y=-10.580000
z=3.000000
[pivot]
x=0.000000
y=-9.000000
z=3.000000