[geometry]
count=3
id=5
[fiducial0]
x=0.000000
y=36.520000
z=3.000000
[fiducial1]
x=-28.690000
y=-43.490000
z=3.000000
[fiducial2]
x=30.220000
y=-32.120000
z=3.000000
[pivot]
x=0.000000
y=-13.000000
z=3.000000