[geometry]
count=3
id=3
[fiducial0]
x=0.000000
y=26.870000
z=3.000000
[fiducial1]
x=-23.690000
y=-22.770000
z=3.000000
[fiducial2]
x=26.120000
y=-27.140000
z=3.000000
[pivot]
x=0.000000
y=-9.000000
z=3.000000
