[geometry]
count=3
id=1
[fiducial0]
x=0.000000
y=11.000000
z=3.000000
[fiducial1]
x=-15.000000
y=-26.080000
z=3.000000
[fiducial2]
x=16.590000
y=-20.950000
z=3.000000
[pivot]
x=16.590000
y=-20.950000
z=3.000000